-0.0000000000e+00
-6.3423919657e-02
-1.2659245357e-01
-1.8925124436e-01
-2.5114798718e-01
-3.1203344570e-01
-3.7166245566e-01
-4.2979491209e-01
-4.8619673610e-01
-5.4064081746e-01
-5.9290792905e-01
-6.4278760969e-01
-6.9007901148e-01
-7.3459170866e-01
-7.7614646429e-01
-8.1457595205e-01
-8.4972542995e-01
-8.8145336345e-01
-9.0963199535e-01
-9.3414786027e-01
-9.5490224144e-01
-9.7181156832e-01
-9.8480775301e-01
-9.9383846446e-01
-9.9886733918e-01
-9.9987412767e-01
-9.9685477595e-01
-9.8982144188e-01
-9.7880244621e-01
-9.6384215856e-01
-9.4500081871e-01
-9.2235429410e-01
-8.9599377429e-01
-8.6602540378e-01
-8.3256985463e-01
-7.9576184053e-01
-7.5574957435e-01
-7.1269417138e-01
-6.6676900052e-01
-6.1815898622e-01
-5.6705986386e-01
-5.1367739157e-01
-4.5822652173e-01
-4.0093053541e-01
-3.4202014333e-01
-2.8173255684e-01
-2.2031053279e-01
-1.5800139597e-01
-9.5056043304e-02
-3.1727933498e-02
3.1727933498e-02
9.5056043304e-02
1.5800139597e-01
2.2031053279e-01
2.8173255684e-01
3.4202014333e-01
4.0093053541e-01
4.5822652173e-01
5.1367739157e-01
5.6705986386e-01
6.1815898622e-01
6.6676900052e-01
7.1269417138e-01
7.5574957435e-01
7.9576184053e-01
8.3256985463e-01
8.6602540378e-01
8.9599377429e-01
9.2235429410e-01
9.4500081871e-01
9.6384215856e-01
9.7880244621e-01
9.8982144188e-01
9.9685477595e-01
9.9987412767e-01
9.9886733918e-01
9.9383846446e-01
9.8480775301e-01
9.7181156832e-01
9.5490224144e-01
9.3414786027e-01
9.0963199535e-01
8.8145336345e-01
8.4972542995e-01
8.1457595205e-01
7.7614646429e-01
7.3459170866e-01
6.9007901148e-01
6.4278760969e-01
5.9290792905e-01
5.4064081746e-01
4.8619673610e-01
4.2979491209e-01
3.7166245566e-01
3.1203344570e-01
2.5114798718e-01
1.8925124436e-01
1.2659245357e-01
6.3423919657e-02
-6.4324905987e-16
