-4.90369e-07
-9.77715e-07
-1.45903e-06
-1.93136e-06
-2.39177e-06
-2.83744e-06
-3.26562e-06
-3.67366e-06
-4.05905e-06
-4.41942e-06
-4.75254e-06
-5.05636e-06
-5.329e-06
-5.56879e-06
-5.77425e-06
-5.9441e-06
-6.07731e-06
-6.17305e-06
-6.23073e-06
-6.25e-06
-6.23073e-06
-6.17305e-06
-6.07731e-06
-5.9441e-06
-5.77425e-06
-5.56879e-06
-5.329e-06
-5.05636e-06
-4.75254e-06
-4.41942e-06
-4.05905e-06
-3.67366e-06
-3.26562e-06
-2.83744e-06
-2.39177e-06
-1.93136e-06
-1.45903e-06
-9.77715e-07
-4.90369e-07
-7.65404e-22
4.90369e-07
9.77715e-07
1.45903e-06
1.93136e-06
2.39177e-06
2.83744e-06
3.26562e-06
3.67366e-06
4.05905e-06
4.41942e-06
4.75254e-06
5.05636e-06
5.329e-06
5.56879e-06
5.77425e-06
5.9441e-06
6.07731e-06
6.17305e-06
6.23073e-06
6.25e-06
6.23073e-06
6.17305e-06
6.07731e-06
5.9441e-06
5.77425e-06
5.56879e-06
5.329e-06
5.05636e-06
4.75254e-06
4.41942e-06
4.05905e-06
3.67366e-06
3.26562e-06
2.83744e-06
2.39177e-06
1.93136e-06
1.45903e-06
9.77715e-07
4.90369e-07
1.53081e-21
-4.90369e-07
-9.77715e-07
-1.45903e-06
-1.93136e-06
-2.39177e-06
-2.83744e-06
-3.26562e-06
-3.67366e-06
-4.05905e-06
-4.41942e-06
-4.75254e-06
-5.05636e-06
-5.329e-06
-5.56879e-06
-5.77425e-06
-5.9441e-06
-6.07731e-06
-6.17305e-06
-6.23073e-06
-6.25e-06
-6.23073e-06
-6.17305e-06
-6.07731e-06
-5.9441e-06
-5.77425e-06
-5.56879e-06
-5.329e-06
-5.05636e-06
-4.75254e-06
-4.41942e-06
-4.05905e-06
-3.67366e-06
-3.26562e-06
-2.83744e-06
-2.39177e-06
-1.93136e-06
-1.45903e-06
-9.77715e-07
-4.90369e-07
-2.29621e-21
4.90369e-07
9.77715e-07
1.45903e-06
1.93136e-06
2.39177e-06
2.83744e-06
3.26562e-06
3.67366e-06
4.05905e-06
4.41942e-06
4.75254e-06
5.05636e-06
5.329e-06
5.56879e-06
5.77425e-06
5.9441e-06
6.07731e-06
6.17305e-06
6.23073e-06
6.25e-06
6.23073e-06
6.17305e-06
6.07731e-06
5.9441e-06
5.77425e-06
5.56879e-06
5.329e-06
5.05636e-06
4.75254e-06
4.41942e-06
4.05905e-06
3.67366e-06
3.26562e-06
2.83744e-06
2.39177e-06
1.93136e-06
1.45903e-06
9.77715e-07
4.90369e-07
3.06162e-21
-4.90369e-07
-9.77715e-07
-1.45903e-06
-1.93136e-06
-2.39177e-06
-2.83744e-06
-3.26562e-06
-3.67366e-06
-4.05905e-06
-4.41942e-06
-4.75254e-06
-5.05636e-06
-5.329e-06
-5.56879e-06
-5.77425e-06
-5.9441e-06
-6.07731e-06
-6.17305e-06
-6.23073e-06
-6.25e-06
-6.23073e-06
-6.17305e-06
-6.07731e-06
-5.9441e-06
-5.77425e-06
-5.56879e-06
-5.329e-06
-5.05636e-06
-4.75254e-06
-4.41942e-06
-4.05905e-06
-3.67366e-06
-3.26562e-06
-2.83744e-06
-2.39177e-06
-1.93136e-06
-1.45903e-06
-9.77715e-07
-4.90369e-07
-3.82702e-21
4.90369e-07
9.77715e-07
1.45903e-06
1.93136e-06
2.39177e-06
2.83744e-06
3.26562e-06
3.67366e-06
4.05905e-06
4.41942e-06
4.75254e-06
5.05636e-06
5.329e-06
5.56879e-06
5.77425e-06
5.9441e-06
6.07731e-06
6.17305e-06
6.23073e-06
6.25e-06
6.23073e-06
6.17305e-06
6.07731e-06
5.9441e-06
5.77425e-06
5.56879e-06
5.329e-06
5.05636e-06
4.75254e-06
4.41942e-06
4.05905e-06
3.67366e-06
3.26562e-06
2.83744e-06
2.39177e-06
1.93136e-06
1.45903e-06
9.77715e-07
4.90369e-07
4.59243e-21
-4.90369e-07
-9.77715e-07
-1.45903e-06
-1.93136e-06
-2.39177e-06
-2.83744e-06
-3.26562e-06
-3.67366e-06
-4.05905e-06
-4.41942e-06
-4.75254e-06
-5.05636e-06
-5.329e-06
-5.56879e-06
-5.77425e-06
-5.9441e-06
-6.07731e-06
-6.17305e-06
-6.23073e-06
-6.25e-06
-6.23073e-06
-6.17305e-06
-6.07731e-06
-5.9441e-06
-5.77425e-06
-5.56879e-06
-5.329e-06
-5.05636e-06
-4.75254e-06
-4.41942e-06
-4.05905e-06
-3.67366e-06
-3.26562e-06
-2.83744e-06
-2.39177e-06
-1.93136e-06
-1.45903e-06
-9.77715e-07
-4.90369e-07
-5.35783e-21
4.90369e-07
9.77715e-07
1.45903e-06
1.93136e-06
2.39177e-06
2.83744e-06
3.26562e-06
3.67366e-06
4.05905e-06
4.41942e-06
4.75254e-06
5.05636e-06
5.329e-06
5.56879e-06
5.77425e-06
5.9441e-06
6.07731e-06
6.17305e-06
6.23073e-06
6.25e-06
6.23073e-06
6.17305e-06
6.07731e-06
5.9441e-06
5.77425e-06
5.56879e-06
5.329e-06
5.05636e-06
4.75254e-06
4.41942e-06
4.05905e-06
3.67366e-06
3.26562e-06
2.83744e-06
2.39177e-06
1.93136e-06
1.45903e-06
9.77715e-07
4.90369e-07
6.12323e-21
-4.90369e-07
-9.77715e-07
-1.45903e-06
-1.93136e-06
-2.39177e-06
-2.83744e-06
-3.26562e-06
-3.67366e-06
-4.05905e-06
-4.41942e-06
-4.75254e-06
-5.05636e-06
-5.329e-06
-5.56879e-06
-5.77425e-06
-5.9441e-06
-6.07731e-06
-6.17305e-06
-6.23073e-06
-6.25e-06
-6.23073e-06
-6.17305e-06
-6.07731e-06
-5.9441e-06
-5.77425e-06
-5.56879e-06
-5.329e-06
-5.05636e-06
-4.75254e-06
-4.41942e-06
-4.05905e-06
-3.67366e-06
-3.26562e-06
-2.83744e-06
-2.39177e-06
-1.93136e-06
-1.45903e-06
-9.77715e-07
-4.90369e-07
-6.88864e-21
4.90369e-07
9.77715e-07
1.45903e-06
1.93136e-06
2.39177e-06
2.83744e-06
3.26562e-06
3.67366e-06
4.05905e-06
4.41942e-06
4.75254e-06
5.05636e-06
5.329e-06
5.56879e-06
5.77425e-06
5.9441e-06
6.07731e-06
6.17305e-06
6.23073e-06
6.25e-06
6.23073e-06
6.17305e-06
6.07731e-06
5.9441e-06
5.77425e-06
5.56879e-06
5.329e-06
5.05636e-06
4.75254e-06
4.41942e-06
4.05905e-06
3.67366e-06
3.26562e-06
2.83744e-06
2.39177e-06
1.93136e-06
1.45903e-06
9.77715e-07
4.90369e-07
