7.95366e-05
0.000158583
0.000236651
0.000313261
0.000387939
0.000460225
0.000529674
0.000595857
0.000658367
0.000716817
0.000770848
0.000820127
0.000864349
0.000903243
0.000936567
0.000964117
0.000985723
0.00100125
0.00101061
0.00101373
0.00101061
0.00100125
0.000985723
0.000964117
0.000936567
0.000903243
0.000864349
0.000820127
0.000770848
0.000716817
0.000658367
0.000595857
0.000529674
0.000460225
0.000387939
0.000313261
0.000236651
0.000158583
7.95366e-05
-5.71718e-17
-7.95366e-05
-0.000158583
-0.000236651
-0.000313261
-0.000387939
-0.000460225
-0.000529674
-0.000595857
-0.000658367
-0.000716817
-0.000770848
-0.000820127
-0.000864349
-0.000903243
-0.000936567
-0.000964117
-0.000985723
-0.00100125
-0.00101061
-0.00101373
-0.00101061
-0.00100125
-0.000985723
-0.000964117
-0.000936567
-0.000903243
-0.000864349
-0.000820127
-0.000770848
-0.000716817
-0.000658367
-0.000595857
-0.000529674
-0.000460225
-0.000387939
-0.000313261
-0.000236651
-0.000158583
-7.95366e-05
-9.11667e-17
7.95366e-05
0.000158583
0.000236651
0.000313261
0.000387939
0.000460225
0.000529674
0.000595857
0.000658367
0.000716817
0.000770848
0.000820127
0.000864349
0.000903243
0.000936567
0.000964117
0.000985723
0.00100125
0.00101061
0.00101373
0.00101061
0.00100125
0.000985723
0.000964117
0.000936567
0.000903243
0.000864349
0.000820127
0.000770848
0.000716817
0.000658367
0.000595857
0.000529674
0.000460225
0.000387939
0.000313261
0.000236651
0.000158583
7.95366e-05
-1.14849e-16
-7.95366e-05
-0.000158583
-0.000236651
-0.000313261
-0.000387939
-0.000460225
-0.000529674
-0.000595857
-0.000658367
-0.000716817
-0.000770848
-0.000820127
-0.000864349
-0.000903243
-0.000936567
-0.000964117
-0.000985723
-0.00100125
-0.00101061
-0.00101373
-0.00101061
-0.00100125
-0.000985723
-0.000964117
-0.000936567
-0.000903243
-0.000864349
-0.000820127
-0.000770848
-0.000716817
-0.000658367
-0.000595857
-0.000529674
-0.000460225
-0.000387939
-0.000313261
-0.000236651
-0.000158583
-7.95366e-05
-1.21188e-16
7.95366e-05
0.000158583
0.000236651
0.000313261
0.000387939
0.000460225
0.000529674
0.000595857
0.000658367
0.000716817
0.000770848
0.000820127
0.000864349
0.000903243
0.000936567
0.000964117
0.000985723
0.00100125
0.00101061
0.00101373
0.00101061
0.00100125
0.000985723
0.000964117
0.000936567
0.000903243
0.000864349
0.000820127
0.000770848
0.000716817
0.000658367
0.000595857
0.000529674
0.000460225
0.000387939
0.000313261
0.000236651
0.000158583
7.95366e-05
-1.16107e-16
-7.95366e-05
-0.000158583
-0.000236651
-0.000313261
-0.000387939
-0.000460225
-0.000529674
-0.000595857
-0.000658367
-0.000716817
-0.000770848
-0.000820127
-0.000864349
-0.000903243
-0.000936567
-0.000964117
-0.000985723
-0.00100125
-0.00101061
-0.00101373
-0.00101061
-0.00100125
-0.000985723
-0.000964117
-0.000936567
-0.000903243
-0.000864349
-0.000820127
-0.000770848
-0.000716817
-0.000658367
-0.000595857
-0.000529674
-0.000460225
-0.000387939
-0.000313261
-0.000236651
-0.000158583
-7.95366e-05
-1.10049e-16
7.95366e-05
0.000158583
0.000236651
0.000313261
0.000387939
0.000460225
0.000529674
0.000595857
0.000658367
0.000716817
0.000770848
0.000820127
0.000864349
0.000903243
0.000936567
0.000964117
0.000985723
0.00100125
0.00101061
0.00101373
0.00101061
0.00100125
0.000985723
0.000964117
0.000936567
0.000903243
0.000864349
0.000820127
0.000770848
0.000716817
0.000658367
0.000595857
0.000529674
0.000460225
0.000387939
0.000313261
0.000236651
0.000158583
7.95366e-05
-8.93849e-17
-7.95366e-05
-0.000158583
-0.000236651
-0.000313261
-0.000387939
-0.000460225
-0.000529674
-0.000595857
-0.000658367
-0.000716817
-0.000770848
-0.000820127
-0.000864349
-0.000903243
-0.000936567
-0.000964117
-0.000985723
-0.00100125
-0.00101061
-0.00101373
-0.00101061
-0.00100125
-0.000985723
-0.000964117
-0.000936567
-0.000903243
-0.000864349
-0.000820127
-0.000770848
-0.000716817
-0.000658367
-0.000595857
-0.000529674
-0.000460225
-0.000387939
-0.000313261
-0.000236651
-0.000158583
-7.95366e-05
-5.59462e-17
7.95366e-05
0.000158583
0.000236651
0.000313261
0.000387939
0.000460225
0.000529674
0.000595857
0.000658367
0.000716817
0.000770848
0.000820127
0.000864349
0.000903243
0.000936567
0.000964117
0.000985723
0.00100125
0.00101061
0.00101373
0.00101061
0.00100125
0.000985723
0.000964117
0.000936567
0.000903243
0.000864349
0.000820127
0.000770848
0.000716817
0.000658367
0.000595857
0.000529674
0.000460225
0.000387939
0.000313261
0.000236651
0.000158583
7.95366e-05
-2.44756e-17
-7.95366e-05
-0.000158583
-0.000236651
-0.000313261
-0.000387939
-0.000460225
-0.000529674
-0.000595857
-0.000658367
-0.000716817
-0.000770848
-0.000820127
-0.000864349
-0.000903243
-0.000936567
-0.000964117
-0.000985723
-0.00100125
-0.00101061
-0.00101373
-0.00101061
-0.00100125
-0.000985723
-0.000964117
-0.000936567
-0.000903243
-0.000864349
-0.000820127
-0.000770848
-0.000716817
-0.000658367
-0.000595857
-0.000529674
-0.000460225
-0.000387939
-0.000313261
-0.000236651
-0.000158583
-7.95366e-05
