7.94957e-05
0.000158501
0.00023653
0.0003131
0.000387739
0.000459989
0.000529402
0.000595551
0.000658028
0.000716449
0.000770452
0.000819706
0.000863905
0.000902778
0.000936086
0.000963622
0.000985217
0.00100074
0.00101009
0.00101321
0.00101009
0.00100074
0.000985217
0.000963622
0.000936086
0.000902778
0.000863905
0.000819706
0.000770452
0.000716449
0.000658028
0.000595551
0.000529402
0.000459989
0.000387739
0.0003131
0.00023653
0.000158501
7.94957e-05
1.24083e-19
-7.94957e-05
-0.000158501
-0.00023653
-0.0003131
-0.000387739
-0.000459989
-0.000529402
-0.000595551
-0.000658028
-0.000716449
-0.000770452
-0.000819706
-0.000863905
-0.000902778
-0.000936086
-0.000963622
-0.000985217
-0.00100074
-0.00101009
-0.00101321
-0.00101009
-0.00100074
-0.000985217
-0.000963622
-0.000936086
-0.000902778
-0.000863905
-0.000819706
-0.000770452
-0.000716449
-0.000658028
-0.000595551
-0.000529402
-0.000459989
-0.000387739
-0.0003131
-0.00023653
-0.000158501
-7.94957e-05
-2.48165e-19
7.94957e-05
0.000158501
0.00023653
0.0003131
0.000387739
0.000459989
0.000529402
0.000595551
0.000658028
0.000716449
0.000770452
0.000819706
0.000863905
0.000902778
0.000936086
0.000963622
0.000985217
0.00100074
0.00101009
0.00101321
0.00101009
0.00100074
0.000985217
0.000963622
0.000936086
0.000902778
0.000863905
0.000819706
0.000770452
0.000716449
0.000658028
0.000595551
0.000529402
0.000459989
0.000387739
0.0003131
0.00023653
0.000158501
7.94957e-05
3.72248e-19
-7.94957e-05
-0.000158501
-0.00023653
-0.0003131
-0.000387739
-0.000459989
-0.000529402
-0.000595551
-0.000658028
-0.000716449
-0.000770452
-0.000819706
-0.000863905
-0.000902778
-0.000936086
-0.000963622
-0.000985217
-0.00100074
-0.00101009
-0.00101321
-0.00101009
-0.00100074
-0.000985217
-0.000963622
-0.000936086
-0.000902778
-0.000863905
-0.000819706
-0.000770452
-0.000716449
-0.000658028
-0.000595551
-0.000529402
-0.000459989
-0.000387739
-0.0003131
-0.00023653
-0.000158501
-7.94957e-05
-4.96331e-19
7.94957e-05
0.000158501
0.00023653
0.0003131
0.000387739
0.000459989
0.000529402
0.000595551
0.000658028
0.000716449
0.000770452
0.000819706
0.000863905
0.000902778
0.000936086
0.000963622
0.000985217
0.00100074
0.00101009
0.00101321
0.00101009
0.00100074
0.000985217
0.000963622
0.000936086
0.000902778
0.000863905
0.000819706
0.000770452
0.000716449
0.000658028
0.000595551
0.000529402
0.000459989
0.000387739
0.0003131
0.00023653
0.000158501
7.94957e-05
6.20413e-19
-7.94957e-05
-0.000158501
-0.00023653
-0.0003131
-0.000387739
-0.000459989
-0.000529402
-0.000595551
-0.000658028
-0.000716449
-0.000770452
-0.000819706
-0.000863905
-0.000902778
-0.000936086
-0.000963622
-0.000985217
-0.00100074
-0.00101009
-0.00101321
-0.00101009
-0.00100074
-0.000985217
-0.000963622
-0.000936086
-0.000902778
-0.000863905
-0.000819706
-0.000770452
-0.000716449
-0.000658028
-0.000595551
-0.000529402
-0.000459989
-0.000387739
-0.0003131
-0.00023653
-0.000158501
-7.94957e-05
-7.44496e-19
7.94957e-05
0.000158501
0.00023653
0.0003131
0.000387739
0.000459989
0.000529402
0.000595551
0.000658028
0.000716449
0.000770452
0.000819706
0.000863905
0.000902778
0.000936086
0.000963622
0.000985217
0.00100074
0.00101009
0.00101321
0.00101009
0.00100074
0.000985217
0.000963622
0.000936086
0.000902778
0.000863905
0.000819706
0.000770452
0.000716449
0.000658028
0.000595551
0.000529402
0.000459989
0.000387739
0.0003131
0.00023653
0.000158501
7.94957e-05
8.68579e-19
-7.94957e-05
-0.000158501
-0.00023653
-0.0003131
-0.000387739
-0.000459989
-0.000529402
-0.000595551
-0.000658028
-0.000716449
-0.000770452
-0.000819706
-0.000863905
-0.000902778
-0.000936086
-0.000963622
-0.000985217
-0.00100074
-0.00101009
-0.00101321
-0.00101009
-0.00100074
-0.000985217
-0.000963622
-0.000936086
-0.000902778
-0.000863905
-0.000819706
-0.000770452
-0.000716449
-0.000658028
-0.000595551
-0.000529402
-0.000459989
-0.000387739
-0.0003131
-0.00023653
-0.000158501
-7.94957e-05
-9.92661e-19
7.94957e-05
0.000158501
0.00023653
0.0003131
0.000387739
0.000459989
0.000529402
0.000595551
0.000658028
0.000716449
0.000770452
0.000819706
0.000863905
0.000902778
0.000936086
0.000963622
0.000985217
0.00100074
0.00101009
0.00101321
0.00101009
0.00100074
0.000985217
0.000963622
0.000936086
0.000902778
0.000863905
0.000819706
0.000770452
0.000716449
0.000658028
0.000595551
0.000529402
0.000459989
0.000387739
0.0003131
0.00023653
0.000158501
7.94957e-05
1.11674e-18
-7.94957e-05
-0.000158501
-0.00023653
-0.0003131
-0.000387739
-0.000459989
-0.000529402
-0.000595551
-0.000658028
-0.000716449
-0.000770452
-0.000819706
-0.000863905
-0.000902778
-0.000936086
-0.000963622
-0.000985217
-0.00100074
-0.00101009
-0.00101321
-0.00101009
-0.00100074
-0.000985217
-0.000963622
-0.000936086
-0.000902778
-0.000863905
-0.000819706
-0.000770452
-0.000716449
-0.000658028
-0.000595551
-0.000529402
-0.000459989
-0.000387739
-0.0003131
-0.00023653
-0.000158501
-7.94957e-05
