-1.5625000000000e-03
+1.5625000000000e-03
+4.6875000000000e-03
+7.8125000000000e-03
+1.0937500000000e-02
+1.4062500000000e-02
+1.7187500000000e-02
+2.0312500000000e-02
+2.3437500000000e-02
+2.6562500000000e-02
+2.9687500000000e-02
+3.2812500000000e-02
+3.5937500000000e-02
+3.9062500000000e-02
+4.2187500000000e-02
+4.5312500000000e-02
+4.8437500000000e-02
+5.1562500000000e-02
+5.4687500000000e-02
+5.7812500000000e-02
+6.0937500000000e-02
+6.4062500000000e-02
+6.7187500000000e-02
+7.0312500000000e-02
+7.3437500000000e-02
+7.6562500000000e-02
+7.9687500000000e-02
+8.2812500000000e-02
+8.5937500000000e-02
+8.9062500000000e-02
+9.2187500000000e-02
+9.5312500000000e-02
+9.8437500000000e-02
+1.0156250000000e-01
+1.0468750000000e-01
+1.0781250000000e-01
+1.1093750000000e-01
+1.1406250000000e-01
+1.1718750000000e-01
+1.2031250000000e-01
+1.2343750000000e-01
+1.2656250000000e-01
+1.2968750000000e-01
+1.3281250000000e-01
+1.3593750000000e-01
+1.3906250000000e-01
+1.4218750000000e-01
+1.4531250000000e-01
+1.4843750000000e-01
+1.5156250000000e-01
+1.5468750000000e-01
+1.5781250000000e-01
+1.6093750000000e-01
+1.6406250000000e-01
+1.6718750000000e-01
+1.7031250000000e-01
+1.7343750000000e-01
+1.7656250000000e-01
+1.7968750000000e-01
+1.8281250000000e-01
+1.8593750000000e-01
+1.8906250000000e-01
+1.9218750000000e-01
+1.9531250000000e-01
+1.9843750000000e-01
+2.0156250000000e-01
+2.0468750000000e-01
+2.0781250000000e-01
+2.1093750000000e-01
+2.1406250000000e-01
+2.1718750000000e-01
+2.2031250000000e-01
+2.2343750000000e-01
+2.2656250000000e-01
+2.2968750000000e-01
+2.3281250000000e-01
+2.3593750000000e-01
+2.3906250000000e-01
+2.4218750000000e-01
+2.4531250000000e-01
+2.4843750000000e-01
+2.5156250000000e-01
+2.5468750000000e-01
+2.5781250000000e-01
+2.6093750000000e-01
+2.6406250000000e-01
+2.6718750000000e-01
+2.7031250000000e-01
+2.7343750000000e-01
+2.7656250000000e-01
+2.7968750000000e-01
+2.8281250000000e-01
+2.8593750000000e-01
+2.8906250000000e-01
+2.9218750000000e-01
+2.9531250000000e-01
+2.9843750000000e-01
+3.0156250000000e-01
+3.0468750000000e-01
+3.0781250000000e-01
+3.1093750000000e-01
+3.1406250000000e-01
+3.1718750000000e-01
+3.2031250000000e-01
+3.2343750000000e-01
+3.2656250000000e-01
+3.2968750000000e-01
+3.3281250000000e-01
+3.3593750000000e-01
+3.3906250000000e-01
+3.4218750000000e-01
+3.4531250000000e-01
+3.4843750000000e-01
+3.5156250000000e-01
+3.5468750000000e-01
+3.5781250000000e-01
+3.6093750000000e-01
+3.6406250000000e-01
+3.6718750000000e-01
+3.7031250000000e-01
+3.7343750000000e-01
+3.7656250000000e-01
+3.7968750000000e-01
+3.8281250000000e-01
+3.8593750000000e-01
+3.8906250000000e-01
+3.9218750000000e-01
+3.9531250000000e-01
+3.9843750000000e-01
+4.0156250000000e-01
+4.0468750000000e-01
+4.0781250000000e-01
+4.1093750000000e-01
+4.1406250000000e-01
+4.1718750000000e-01
+4.2031250000000e-01
+4.2343750000000e-01
+4.2656250000000e-01
+4.2968750000000e-01
+4.3281250000000e-01
+4.3593750000000e-01
+4.3906250000000e-01
+4.4218750000000e-01
+4.4531250000000e-01
+4.4843750000000e-01
+4.5156250000000e-01
+4.5468750000000e-01
+4.5781250000000e-01
+4.6093750000000e-01
+4.6406250000000e-01
+4.6718750000000e-01
+4.7031250000000e-01
+4.7343750000000e-01
+4.7656250000000e-01
+4.7968750000000e-01
+4.8281250000000e-01
+4.8593750000000e-01
+4.8906250000000e-01
+4.9218750000000e-01
+4.9531250000000e-01
+4.9843750000000e-01
+5.0156250000000e-01
+5.0468750000000e-01
+5.0781250000000e-01
+5.1093750000000e-01
+5.1406250000000e-01
+5.1718750000000e-01
+5.2031250000000e-01
+5.2343750000000e-01
+5.2656250000000e-01
+5.2968750000000e-01
+5.3281250000000e-01
+5.3593750000000e-01
+5.3906250000000e-01
+5.4218750000000e-01
+5.4531250000000e-01
+5.4843750000000e-01
+5.5156250000000e-01
+5.5468750000000e-01
+5.5781250000000e-01
+5.6093750000000e-01
+5.6406250000000e-01
+5.6718750000000e-01
+5.7031250000000e-01
+5.7343750000000e-01
+5.7656250000000e-01
+5.7968750000000e-01
+5.8281250000000e-01
+5.8593750000000e-01
+5.8906250000000e-01
+5.9218750000000e-01
+5.9531250000000e-01
+5.9843750000000e-01
+6.0156250000000e-01
+6.0468750000000e-01
+6.0781250000000e-01
+6.1093750000000e-01
+6.1406250000000e-01
+6.1718750000000e-01
+6.2031250000000e-01
+6.2343750000000e-01
+6.2656250000000e-01
+6.2968750000000e-01
+6.3281250000000e-01
+6.3593750000000e-01
+6.3906250000000e-01
+6.4218750000000e-01
+6.4531250000000e-01
+6.4843750000000e-01
+6.5156250000000e-01
+6.5468750000000e-01
+6.5781250000000e-01
+6.6093750000000e-01
+6.6406250000000e-01
+6.6718750000000e-01
+6.7031250000000e-01
+6.7343750000000e-01
+6.7656250000000e-01
+6.7968750000000e-01
+6.8281250000000e-01
+6.8593750000000e-01
+6.8906250000000e-01
+6.9218750000000e-01
+6.9531250000000e-01
+6.9843750000000e-01
+7.0156250000000e-01
+7.0468750000000e-01
+7.0781250000000e-01
+7.1093750000000e-01
+7.1406250000000e-01
+7.1718750000000e-01
+7.2031250000000e-01
+7.2343750000000e-01
+7.2656250000000e-01
+7.2968750000000e-01
+7.3281250000000e-01
+7.3593750000000e-01
+7.3906250000000e-01
+7.4218750000000e-01
+7.4531250000000e-01
+7.4843750000000e-01
+7.5156250000000e-01
+7.5468750000000e-01
+7.5781250000000e-01
+7.6093750000000e-01
+7.6406250000000e-01
+7.6718750000000e-01
+7.7031250000000e-01
+7.7343750000000e-01
+7.7656250000000e-01
+7.7968750000000e-01
+7.8281250000000e-01
+7.8593750000000e-01
+7.8906250000000e-01
+7.9218750000000e-01
+7.9531250000000e-01
+7.9843750000000e-01
+8.0156250000000e-01
+8.0468750000000e-01
+8.0781250000000e-01
+8.1093750000000e-01
+8.1406250000000e-01
+8.1718750000000e-01
+8.2031250000000e-01
+8.2343750000000e-01
+8.2656250000000e-01
+8.2968750000000e-01
+8.3281250000000e-01
+8.3593750000000e-01
+8.3906250000000e-01
+8.4218750000000e-01
+8.4531250000000e-01
+8.4843750000000e-01
+8.5156250000000e-01
+8.5468750000000e-01
+8.5781250000000e-01
+8.6093750000000e-01
+8.6406250000000e-01
+8.6718750000000e-01
+8.7031250000000e-01
+8.7343750000000e-01
+8.7656250000000e-01
+8.7968750000000e-01
+8.8281250000000e-01
+8.8593750000000e-01
+8.8906250000000e-01
+8.9218750000000e-01
+8.9531250000000e-01
+8.9843750000000e-01
+9.0156250000000e-01
+9.0468750000000e-01
+9.0781250000000e-01
+9.1093750000000e-01
+9.1406250000000e-01
+9.1718750000000e-01
+9.2031250000000e-01
+9.2343750000000e-01
+9.2656250000000e-01
+9.2968750000000e-01
+9.3281250000000e-01
+9.3593750000000e-01
+9.3906250000000e-01
+9.4218750000000e-01
+9.4531250000000e-01
+9.4843750000000e-01
+9.5156250000000e-01
+9.5468750000000e-01
+9.5781250000000e-01
+9.6093750000000e-01
+9.6406250000000e-01
+9.6718750000000e-01
+9.7031250000000e-01
+9.7343750000000e-01
+9.7656250000000e-01
+9.7968750000000e-01
+9.8281250000000e-01
+9.8593750000000e-01
+9.8906250000000e-01
+9.9218750000000e-01
+9.9531250000000e-01
+9.9843750000000e-01
+1.0015625000000e+00
