0.0000000000e+00
4.9576027283e-03
9.7246875641e-03
1.4118058110e-02
1.7968879601e-02
2.1129167126e-02
2.3477472607e-02
2.4923551982e-02
2.5411833232e-02
2.4923551982e-02
2.3477472607e-02
2.1129167126e-02
1.7968879601e-02
1.4118058110e-02
9.7246875641e-03
4.9576027283e-03
6.8212925774e-18
-4.9576027283e-03
-9.7246875641e-03
-1.4118058110e-02
-1.7968879601e-02
-2.1129167126e-02
-2.3477472607e-02
-2.4923551982e-02
-2.5411833232e-02
-2.4923551982e-02
-2.3477472607e-02
-2.1129167126e-02
-1.7968879601e-02
-1.4118058110e-02
-9.7246875641e-03
-4.9576027283e-03
0.0000000000e+00
