+0.0000000000000e+00
+3.1250000000000e-03
+6.2500000000000e-03
+9.3750000000000e-03
+1.2500000000000e-02
+1.5625000000000e-02
+1.8750000000000e-02
+2.1875000000000e-02
+2.5000000000000e-02
+2.8125000000000e-02
+3.1250000000000e-02
+3.4375000000000e-02
+3.7500000000000e-02
+4.0625000000000e-02
+4.3750000000000e-02
+4.6875000000000e-02
+5.0000000000000e-02
+5.3125000000000e-02
+5.6250000000000e-02
+5.9375000000000e-02
+6.2500000000000e-02
+6.5625000000000e-02
+6.8750000000000e-02
+7.1875000000000e-02
+7.5000000000000e-02
+7.8125000000000e-02
+8.1250000000000e-02
+8.4375000000000e-02
+8.7500000000000e-02
+9.0625000000000e-02
+9.3750000000000e-02
+9.6875000000000e-02
+1.0000000000000e-01
+1.0312500000000e-01
+1.0625000000000e-01
+1.0937500000000e-01
+1.1250000000000e-01
+1.1562500000000e-01
+1.1875000000000e-01
+1.2187500000000e-01
+1.2500000000000e-01
+1.2812500000000e-01
+1.3125000000000e-01
+1.3437500000000e-01
+1.3750000000000e-01
+1.4062500000000e-01
+1.4375000000000e-01
+1.4687500000000e-01
+1.5000000000000e-01
+1.5312500000000e-01
+1.5625000000000e-01
+1.5937500000000e-01
+1.6250000000000e-01
+1.6562500000000e-01
+1.6875000000000e-01
+1.7187500000000e-01
+1.7500000000000e-01
+1.7812500000000e-01
+1.8125000000000e-01
+1.8437500000000e-01
+1.8750000000000e-01
+1.9062500000000e-01
+1.9375000000000e-01
+1.9687500000000e-01
+2.0000000000000e-01
+2.0312500000000e-01
+2.0625000000000e-01
+2.0937500000000e-01
+2.1250000000000e-01
+2.1562500000000e-01
+2.1875000000000e-01
+2.2187500000000e-01
+2.2500000000000e-01
+2.2812500000000e-01
+2.3125000000000e-01
+2.3437500000000e-01
+2.3750000000000e-01
+2.4062500000000e-01
+2.4375000000000e-01
+2.4687500000000e-01
+2.5000000000000e-01
+2.5312500000000e-01
+2.5625000000000e-01
+2.5937500000000e-01
+2.6250000000000e-01
+2.6562500000000e-01
+2.6875000000000e-01
+2.7187500000000e-01
+2.7500000000000e-01
+2.7812500000000e-01
+2.8125000000000e-01
+2.8437500000000e-01
+2.8750000000000e-01
+2.9062500000000e-01
+2.9375000000000e-01
+2.9687500000000e-01
+3.0000000000000e-01
+3.0312500000000e-01
+3.0625000000000e-01
+3.0937500000000e-01
+3.1250000000000e-01
+3.1562500000000e-01
+3.1875000000000e-01
+3.2187500000000e-01
+3.2500000000000e-01
+3.2812500000000e-01
+3.3125000000000e-01
+3.3437500000000e-01
+3.3750000000000e-01
+3.4062500000000e-01
+3.4375000000000e-01
+3.4687500000000e-01
+3.5000000000000e-01
+3.5312500000000e-01
+3.5625000000000e-01
+3.5937500000000e-01
+3.6250000000000e-01
+3.6562500000000e-01
+3.6875000000000e-01
+3.7187500000000e-01
+3.7500000000000e-01
+3.7812500000000e-01
+3.8125000000000e-01
+3.8437500000000e-01
+3.8750000000000e-01
+3.9062500000000e-01
+3.9375000000000e-01
+3.9687500000000e-01
+4.0000000000000e-01
+4.0312500000000e-01
+4.0625000000000e-01
+4.0937500000000e-01
+4.1250000000000e-01
+4.1562500000000e-01
+4.1875000000000e-01
+4.2187500000000e-01
+4.2500000000000e-01
+4.2812500000000e-01
+4.3125000000000e-01
+4.3437500000000e-01
+4.3750000000000e-01
+4.4062500000000e-01
+4.4375000000000e-01
+4.4687500000000e-01
+4.5000000000000e-01
+4.5312500000000e-01
+4.5625000000000e-01
+4.5937500000000e-01
+4.6250000000000e-01
+4.6562500000000e-01
+4.6875000000000e-01
+4.7187500000000e-01
+4.7500000000000e-01
+4.7812500000000e-01
+4.8125000000000e-01
+4.8437500000000e-01
+4.8750000000000e-01
+4.9062500000000e-01
+4.9375000000000e-01
+4.9687500000000e-01
+5.0000000000000e-01
+5.0312500000000e-01
+5.0625000000000e-01
+5.0937500000000e-01
+5.1250000000000e-01
+5.1562500000000e-01
+5.1875000000000e-01
+5.2187500000000e-01
+5.2500000000000e-01
+5.2812500000000e-01
+5.3125000000000e-01
+5.3437500000000e-01
+5.3750000000000e-01
+5.4062500000000e-01
+5.4375000000000e-01
+5.4687500000000e-01
+5.5000000000000e-01
+5.5312500000000e-01
+5.5625000000000e-01
+5.5937500000000e-01
+5.6250000000000e-01
+5.6562500000000e-01
+5.6875000000000e-01
+5.7187500000000e-01
+5.7500000000000e-01
+5.7812500000000e-01
+5.8125000000000e-01
+5.8437500000000e-01
+5.8750000000000e-01
+5.9062500000000e-01
+5.9375000000000e-01
+5.9687500000000e-01
+6.0000000000000e-01
+6.0312500000000e-01
+6.0625000000000e-01
+6.0937500000000e-01
+6.1250000000000e-01
+6.1562500000000e-01
+6.1875000000000e-01
+6.2187500000000e-01
+6.2500000000000e-01
+6.2812500000000e-01
+6.3125000000000e-01
+6.3437500000000e-01
+6.3750000000000e-01
+6.4062500000000e-01
+6.4375000000000e-01
+6.4687500000000e-01
+6.5000000000000e-01
+6.5312500000000e-01
+6.5625000000000e-01
+6.5937500000000e-01
+6.6250000000000e-01
+6.6562500000000e-01
+6.6875000000000e-01
+6.7187500000000e-01
+6.7500000000000e-01
+6.7812500000000e-01
+6.8125000000000e-01
+6.8437500000000e-01
+6.8750000000000e-01
+6.9062500000000e-01
+6.9375000000000e-01
+6.9687500000000e-01
+7.0000000000000e-01
+7.0312500000000e-01
+7.0625000000000e-01
+7.0937500000000e-01
+7.1250000000000e-01
+7.1562500000000e-01
+7.1875000000000e-01
+7.2187500000000e-01
+7.2500000000000e-01
+7.2812500000000e-01
+7.3125000000000e-01
+7.3437500000000e-01
+7.3750000000000e-01
+7.4062500000000e-01
+7.4375000000000e-01
+7.4687500000000e-01
+7.5000000000000e-01
+7.5312500000000e-01
+7.5625000000000e-01
+7.5937500000000e-01
+7.6250000000000e-01
+7.6562500000000e-01
+7.6875000000000e-01
+7.7187500000000e-01
+7.7500000000000e-01
+7.7812500000000e-01
+7.8125000000000e-01
+7.8437500000000e-01
+7.8750000000000e-01
+7.9062500000000e-01
+7.9375000000000e-01
+7.9687500000000e-01
+8.0000000000000e-01
+8.0312500000000e-01
+8.0625000000000e-01
+8.0937500000000e-01
+8.1250000000000e-01
+8.1562500000000e-01
+8.1875000000000e-01
+8.2187500000000e-01
+8.2500000000000e-01
+8.2812500000000e-01
+8.3125000000000e-01
+8.3437500000000e-01
+8.3750000000000e-01
+8.4062500000000e-01
+8.4375000000000e-01
+8.4687500000000e-01
+8.5000000000000e-01
+8.5312500000000e-01
+8.5625000000000e-01
+8.5937500000000e-01
+8.6250000000000e-01
+8.6562500000000e-01
+8.6875000000000e-01
+8.7187500000000e-01
+8.7500000000000e-01
+8.7812500000000e-01
+8.8125000000000e-01
+8.8437500000000e-01
+8.8750000000000e-01
+8.9062500000000e-01
+8.9375000000000e-01
+8.9687500000000e-01
+9.0000000000000e-01
+9.0312500000000e-01
+9.0625000000000e-01
+9.0937500000000e-01
+9.1250000000000e-01
+9.1562500000000e-01
+9.1875000000000e-01
+9.2187500000000e-01
+9.2500000000000e-01
+9.2812500000000e-01
+9.3125000000000e-01
+9.3437500000000e-01
+9.3750000000000e-01
+9.4062500000000e-01
+9.4375000000000e-01
+9.4687500000000e-01
+9.5000000000000e-01
+9.5312500000000e-01
+9.5625000000000e-01
+9.5937500000000e-01
+9.6250000000000e-01
+9.6562500000000e-01
+9.6875000000000e-01
+9.7187500000000e-01
+9.7500000000000e-01
+9.7812500000000e-01
+9.8125000000000e-01
+9.8437500000000e-01
+9.8750000000000e-01
+9.9062500000000e-01
+9.9375000000000e-01
+9.9687500000000e-01
+1.0000000000000e+00
