+0.0000000000000e+00
+2.0408163265306e-02
+4.0816326530612e-02
+6.1224489795918e-02
+8.1632653061224e-02
+1.0204081632653e-01
+1.2244897959184e-01
+1.4285714285714e-01
+1.6326530612245e-01
+1.8367346938776e-01
+2.0408163265306e-01
+2.2448979591837e-01
+2.4489795918367e-01
+2.6530612244898e-01
+2.8571428571429e-01
+3.0612244897959e-01
+3.2653061224490e-01
+3.4693877551020e-01
+3.6734693877551e-01
+3.8775510204082e-01
+4.0816326530612e-01
+4.2857142857143e-01
+4.4897959183673e-01
+4.6938775510204e-01
+4.8979591836735e-01
+5.1020408163265e-01
+5.3061224489796e-01
+5.5102040816327e-01
+5.7142857142857e-01
+5.9183673469388e-01
+6.1224489795918e-01
+6.3265306122449e-01
+6.5306122448980e-01
+6.7346938775510e-01
+6.9387755102041e-01
+7.1428571428571e-01
+7.3469387755102e-01
+7.5510204081633e-01
+7.7551020408163e-01
+7.9591836734694e-01
+8.1632653061224e-01
+8.3673469387755e-01
+8.5714285714286e-01
+8.7755102040816e-01
+8.9795918367347e-01
+9.1836734693878e-01
+9.3877551020408e-01
+9.5918367346939e-01
+9.7959183673469e-01
+1.0000000000000e+00
