-0.0000000000e+00
-1.2533323356e-01
-2.4868988716e-01
-3.6812455268e-01
-4.8175367410e-01
-5.8778525229e-01
-6.8454710593e-01
-7.7051324278e-01
-8.4432792550e-01
-9.0482705247e-01
-9.5105651630e-01
-9.8228725073e-01
-9.9802672843e-01
-9.9802672843e-01
-9.8228725073e-01
-9.5105651630e-01
-9.0482705247e-01
-8.4432792550e-01
-7.7051324278e-01
-6.8454710593e-01
-5.8778525229e-01
-4.8175367410e-01
-3.6812455268e-01
-2.4868988716e-01
-1.2533323356e-01
-1.2246467991e-16
1.2533323356e-01
2.4868988716e-01
3.6812455268e-01
4.8175367410e-01
5.8778525229e-01
6.8454710593e-01
7.7051324278e-01
8.4432792550e-01
9.0482705247e-01
9.5105651630e-01
9.8228725073e-01
9.9802672843e-01
9.9802672843e-01
9.8228725073e-01
9.5105651630e-01
9.0482705247e-01
8.4432792550e-01
7.7051324278e-01
6.8454710593e-01
5.8778525229e-01
4.8175367410e-01
3.6812455268e-01
2.4868988716e-01
1.2533323356e-01
2.4492935983e-16
