0.0000000000e+00
3.1789089688e-03
6.3076846441e-03
9.3369843646e-03
1.2219034264e-02
1.4908382694e-02
1.7362617023e-02
1.9543032509e-02
2.1415242698e-02
2.2949721718e-02
2.4122269916e-02
2.4914395507e-02
2.5313606199e-02
2.5313606199e-02
2.4914395507e-02
2.4122269916e-02
2.2949721718e-02
2.1415242698e-02
1.9543032509e-02
1.7362617023e-02
1.4908382694e-02
1.2219034264e-02
9.3369843646e-03
6.3076846441e-03
3.1789089688e-03
5.6427951207e-18
-3.1789089688e-03
-6.3076846441e-03
-9.3369843646e-03
-1.2219034264e-02
-1.4908382694e-02
-1.7362617023e-02
-1.9543032509e-02
-2.1415242698e-02
-2.2949721718e-02
-2.4122269916e-02
-2.4914395507e-02
-2.5313606199e-02
-2.5313606199e-02
-2.4914395507e-02
-2.4122269916e-02
-2.2949721718e-02
-2.1415242698e-02
-1.9543032509e-02
-1.7362617023e-02
-1.4908382694e-02
-1.2219034264e-02
-9.3369843646e-03
-6.3076846441e-03
-3.1789089688e-03
0.0000000000e+00
