+0.0000000000000e+00
+6.6666666666667e-02
+1.3333333333333e-01
+2.0000000000000e-01
+2.6666666666667e-01
+3.3333333333333e-01
+4.0000000000000e-01
+4.6666666666667e-01
+5.3333333333333e-01
+6.0000000000000e-01
+6.6666666666667e-01
+7.3333333333333e-01
+8.0000000000000e-01
+8.6666666666667e-01
+9.3333333333333e-01
+1.0000000000000e+00
+1.0666666666667e+00
+1.1333333333333e+00
+1.2000000000000e+00
+1.2666666666667e+00
+1.3333333333333e+00
+1.4000000000000e+00
+1.4666666666667e+00
+1.5333333333333e+00
+1.6000000000000e+00
+1.6666666666667e+00
+1.7333333333333e+00
+1.8000000000000e+00
+1.8666666666667e+00
+1.9333333333333e+00
+2.0000000000000e+00
