+3.6637359812630e-14 +3.1974423109205e-14 -5.5511151231258e-14 +1.1546319456102e-14 +1.3677947663382e-13 -1.7230661342182e-13 -1.7763568394003e-14 +3.3750779948605e-14 -2.7355895326764e-13 +2.9106341501502e+01 +2.9753977059954e-13 +1.3322676295502e-14 -8.8817841970013e-15 +5.0626169922907e-14 -7.1942451995710e-14 -2.6645352591004e-14 +5.4622972811558e-14 +1.0591527654924e-13 +5.2180482157382e-15 
-2.9531932455029e-14 -3.1086244689504e-15 -4.6185277824407e-14 +2.4868995751604e-14 -1.2434497875802e-14 -1.9539925233403e-14 +2.4868995751604e-14 -3.3750779948605e-14 -3.5527136788005e-15 -5.4605209243164e-12 +4.4408920985006e-14 -2.6645352591004e-14 +3.9079850466806e-14 +3.7303493627405e-14 +7.1054273576010e-15 +3.9079850466806e-14 +7.9936057773011e-15 +1.4654943925052e-14 +7.7715611723761e-15 
+5.6399329650958e-14 -1.0302869668521e-13 -1.9007018181583e-13 +1.4210854715202e-14 +4.7428727611987e-13 -3.9968028886506e-13 -2.1316282072803e-14 -7.1054273576010e-14 -1.8829382497643e-13 +1.3304507447339e+02 +3.2329694477085e-13 +3.5527136788005e-15 -1.5276668818842e-13 +3.0730973321624e-13 -4.2454928461666e-13 +5.6843418860808e-14 +5.5067062021408e-14 +1.3944401189292e-13 -5.9063864910058e-14 
-7.9936057773011e-15 -1.0658141036402e-14 -3.9079850466806e-14 -2.1316282072803e-14 +2.8421709430404e-14 +1.0658141036402e-14 -2.8421709430404e-14 +3.9079850466806e-14 +0.0000000000000e+00 +7.8159700933611e-14 +1.1368683772162e-13 +3.9079850466806e-14 -7.1054273576010e-15 +3.5527136788005e-14 +7.1054273576010e-15 -1.7763568394003e-15 -3.5527136788005e-15 +1.7763568394003e-15 -1.0214051826551e-14 
+3.9968028886506e-14 -1.6164847238542e-13 -3.7303493627405e-13 -3.5527136788005e-14 +8.4909856923332e-13 -6.4304117586289e-13 +7.1054273576010e-14 +2.8421709430404e-14 -4.2987835513486e-13 +4.0823545526863e+02 +1.0302869668521e-12 -8.8817841970013e-14 -3.5527136788005e-13 +4.6540549192287e-13 -6.1817218011129e-13 +9.2370555648813e-14 -1.5987211554602e-14 +1.3500311979442e-13 -1.6875389974302e-14 
-2.8421709430404e-14 +2.8421709430404e-14 -1.0658141036402e-14 +4.9737991503207e-14 -1.0658141036402e-14 -9.2370555648813e-14 +3.5527136788005e-15 -7.8159700933611e-14 +1.2789769243682e-13 +5.5706550483592e-12 +1.1723955140042e-13 -1.2079226507922e-13 +8.8817841970013e-14 -4.6185277824407e-14 -2.1316282072803e-14 +3.1974423109205e-14 +3.3750779948605e-14 +6.2172489379009e-14 +0.0000000000000e+00 
-7.9936057773011e-15 -2.5046631435544e-13 -8.1357143244531e-13 +8.5265128291212e-14 +1.5454304502782e-12 -1.2043699371134e-12 +7.1054273576010e-14 -2.0605739337043e-13 -3.4106051316485e-13 +1.1986221316957e+03 +2.1316282072803e-12 +7.1054273576010e-15 -9.2015284280933e-13 +5.9330318435968e-13 -7.5317529990571e-13 +2.9132252166164e-13 -2.7000623958884e-13 +2.5401902803424e-13 +7.6383344094211e-14 
+1.5099033134902e-14 -1.0658141036402e-14 +2.4868995751604e-14 -1.4210854715202e-14 -7.1054273576010e-15 +6.3948846218409e-14 -1.4210854715202e-14 +7.8159700933611e-14 -9.2370555648813e-14 +2.0605739337043e-12 -7.1054273576010e-14 +1.4210854715202e-14 +4.2632564145606e-14 +2.4868995751604e-14 +1.4210854715202e-14 +1.7763568394003e-14 -4.6185277824407e-14 -2.8421709430404e-14 -1.5987211554602e-14 
-6.2438942904919e-13 -6.0396132539609e-13 -3.0659919048048e-12 +4.5830006456526e-13 +4.2774672692758e-12 -3.3288927170361e-12 -9.9475983006414e-14 -1.1439738045738e-12 -1.0587086762825e-12 +5.3589437601731e+03 +9.0665253082989e-12 +3.0553337637684e-13 -3.6592950891645e-12 +1.0125233984581e-12 -9.2015284280933e-13 +7.9936057773011e-13 -1.8545165403339e-12 +2.2737367544323e-13 +9.0683016651383e-13 
-5.3290705182008e-15 +7.1054273576010e-15 +1.0658141036402e-14 +3.5527136788005e-15 +0.0000000000000e+00 -7.1054273576010e-15 +0.0000000000000e+00 +0.0000000000000e+00 +0.0000000000000e+00 +1.1368683772162e-12 +2.1316282072803e-14 +7.1054273576010e-15 -7.1054273576010e-15 -1.4210854715202e-14 -3.5527136788005e-15 +7.1054273576010e-15 -3.5527136788005e-15 -1.7763568394003e-15 +5.3290705182008e-15 
+1.1599610161284e-12 +3.2862601528905e-13 +3.4319214137213e-12 -7.5672801358451e-13 -3.5562663924793e-12 +2.7462476737128e-12 +3.8369307731045e-13 +1.7195134205394e-12 +5.6132876125048e-13 -6.9392451051254e+03 -1.0736300737335e-11 -7.3185901783290e-13 +4.4053649617126e-12 +1.1013412404282e-13 -7.9580786405131e-13 -8.8107299234252e-13 +2.8919089345436e-12 +2.2559731860383e-13 -1.5534240560555e-12 
-5.3290705182008e-15 +0.0000000000000e+00 -2.1316282072803e-14 +3.1974423109205e-14 +1.0658141036402e-14 +1.4210854715202e-14 -2.1316282072803e-14 +4.2632564145606e-14 +2.8421709430404e-14 +1.3500311979442e-12 -5.6843418860808e-14 +7.1054273576010e-15 +0.0000000000000e+00 +2.1316282072803e-14 -3.9079850466806e-14 -2.4868995751604e-14 -1.0658141036402e-14 +1.9539925233403e-14 -7.9936057773011e-15 
+5.0714987764877e-13 +1.7763568394003e-15 +1.1510792319314e-12 -3.7303493627405e-13 -8.9173113337893e-13 +7.6738615462091e-13 +2.4868995751604e-13 +7.3185901783290e-13 +3.5527136788005e-14 -2.6242325703971e+03 -3.8724579098925e-12 -4.1211478674086e-13 +1.6164847238542e-12 +3.6237679523765e-13 -6.9988459472370e-13 -2.9132252166164e-13 +1.2541079286166e-12 +1.9184653865523e-13 -6.8389738316910e-13 
-3.7303493627405e-14 -5.5067062021408e-14 +0.0000000000000e+00 +1.0658141036402e-14 -1.4210854715202e-14 +3.5527136788005e-14 +7.1054273576010e-15 -3.1974423109205e-14 +1.2434497875802e-13 +2.8421709430404e-13 +1.3855583347322e-13 +1.4210854715202e-14 -3.5527136788005e-15 +5.6843418860808e-14 +4.2632564145606e-14 -2.1316282072803e-14 +4.2632564145606e-14 -4.7961634663807e-14 -1.3322676295502e-14 
+3.3484326422695e-13 -3.5527136788005e-14 +6.4837024638109e-13 -1.9895196601283e-13 -3.5882408155885e-13 +2.9487523534044e-13 +1.5276668818842e-13 +4.3343106881366e-13 +1.4210854715202e-14 -1.5396063051671e+03 -2.2879476091475e-12 -1.9539925233403e-13 +9.2370555648813e-13 +3.1974423109205e-13 -6.0040861171728e-13 -1.2789769243682e-13 +7.4784622938751e-13 +1.6164847238542e-13 -4.2099657093786e-13 
+3.9968028886506e-15 -7.9936057773011e-15 -3.1974423109205e-14 -1.7763568394003e-14 +1.4210854715202e-14 +2.4868995751604e-14 +2.8421709430404e-14 +0.0000000000000e+00 -1.4210854715202e-14 +3.5527136788005e-14 -2.8421709430404e-14 +5.3290705182008e-14 -2.1316282072803e-14 -1.0658141036402e-14 -3.5527136788005e-15 -3.7303493627405e-14 -3.9079850466806e-14 -1.0658141036402e-14 -1.7763568394003e-15 
+2.0472512574088e-13 -1.4210854715202e-14 +3.0730973321624e-13 -1.1901590823982e-13 -1.5809575870662e-13 +1.8296475445823e-13 +1.2789769243682e-13 +3.1263880373444e-13 -2.2382096176443e-13 -8.5942987405666e+02 -1.0942358130706e-12 -1.9895196601283e-13 +5.6132876125048e-13 +2.1493917756743e-13 -3.3750779948605e-13 -9.0594198809413e-14 +3.8191672047105e-13 +8.1712414612412e-14 -2.6423307986079e-13 
+2.2204460492503e-15 +5.1070259132757e-14 +8.8817841970013e-16 +4.6185277824407e-14 -7.1054273576010e-15 -6.9277916736610e-14 +4.6185277824407e-14 +8.8817841970013e-15 +1.4210854715202e-14 -7.5210948580207e-12 -1.0835776720342e-13 -6.2172489379009e-14 -5.3290705182008e-15 -5.8619775700208e-14 -1.7763568394003e-15 +5.3290705182008e-15 +3.3750779948605e-14 +5.7287508070658e-14 -4.4408920985006e-16 
+6.2838623193784e-14 -2.2648549702353e-14 +1.1768364061027e-13 -6.2616578588859e-14 -5.5067062021408e-14 +4.2632564145606e-14 +4.7073456244107e-14 -1.9539925233403e-14 +3.1974423109205e-14 -2.7940148556588e+02 -5.7642779438538e-13 -7.4606987254811e-14 +1.4921397450962e-13 +1.5987211554602e-14 -1.7763568394003e-13 -4.4408920985006e-14 +9.2370555648813e-14 +5.3512749786933e-14 -1.1779466291273e-13 
